0 1 0 0
0 1 1 1
0 1 2 2
0 1 3 3
0 1 4 4
0 1 5 5
0 1 6 6
0 1 7 7
0 1 8 8
0 1 9 9
1 8 <epsilon> 10^4
1 6 <epsilon> 10^3
1 4 <epsilon> 10^1
1 2 <epsilon> 10^2
1 10 <epsilon> 10^5
2 3 0 0
2 3 1 1
2 3 2 2
2 3 3 3
2 3 4 4
2 3 5 5
2 3 6 6
2 3 7 7
2 3 8 8
2 3 9 9
3 4 <epsilon> 10^1
4 5 0 0
4 5 1 1
4 5 2 2
4 5 3 3
4 5 4 4
4 5 5 5
4 5 6 6
4 5 7 7
4 5 8 8
4 5 9 9
6 7 0 0
6 7 1 1
6 7 2 2
6 7 3 3
6 7 4 4
6 7 5 5
6 7 6 6
6 7 7 7
6 7 8 8 
6 7 9 9
7 2 <epsilon> 10^2
8 9 0 0
8 9 1 1
8 9 2 2
8 9 3 3
8 9 4 4
8 9 5 5
8 9 6 6
8 9 7 7
8 9 8 8
8 9 9 9
9 6 <epsilon> 10^3
10 11 0 0
10 11 1 1
10 11 2 2
10 11 3 3
10 11 4 4
10 11 5 5
10 11 6 6
10 11 7 7
10 11 8 8
10 11 9 9
11 8 <epsilon> 10^4
5
1